P = 700;
T = 278;
R = 8.314;
V = 27.2;

mw = 28;

n = ((P*6894.76)*(V/1000))/(R*T)
m = mw*((P*6894.76)*(V/1000))/(R*T)/1000